cm:1.000000,1.200000,1.400000,1.600000,1.800000,2.000000,2.200000,2.400000,2.600000,2.800000,3.000000,3.200000,3.400000,3.600000,3.800000,4.000000,4.200000,4.400000,4.600000,4.800000,5.000000,
gl:0.010000,0.059500,0.109000,0.158500,0.208000,0.257500,0.307000,0.356500,0.406000,0.455500,0.505000,0.554500,0.604000,0.653500,0.703000,0.752500,0.802000,0.851500,0.901000,0.950500,1.000000,
gk:1.000000,2.450000,3.900000,5.350000,6.800000,8.250000,9.700000,11.150000,12.600000,14.050000,15.500000,16.950000,18.400000,19.850000,21.300000,22.750000,24.200000,25.650000,27.100000,28.550000,30.000000,
gna:40.000000,42.000000,44.000000,46.000000,48.000000,50.000000,52.000000,54.000000,56.000000,58.000000,60.000000,62.000000,64.000000,66.000000,68.000000,70.000000,72.000000,74.000000,76.000000,78.000000,80.000000,
ic:0.000000,0.105263,0.210526,0.315789,0.421053,0.526316,0.631579,0.736842,0.842105,0.947368,1.052632,1.157895,1.263158,1.368421,1.473684,1.578947,1.684211,1.789474,1.894737,2.000000,
