cm:0.500000,0.550000,0.600000,0.650000,0.700000,0.750000,0.800000,0.850000,0.900000,0.950000,1.000000,1.050000,1.100000,1.150000,1.200000,1.250000,1.300000,1.350000,1.400000,1.450000,1.500000,
gl:0.010000,0.034500,0.059000,0.083500,0.108000,0.132500,0.157000,0.181500,0.206000,0.230500,0.255000,0.279500,0.304000,0.328500,0.353000,0.377500,0.402000,0.426500,0.451000,0.475500,0.500000,
ic:0.000000,0.105263,0.210526,0.315789,0.421053,0.526316,0.631579,0.736842,0.842105,0.947368,1.052632,1.157895,1.263158,1.368421,1.473684,1.578947,1.684211,1.789474,1.894737,2.000000,
